1000 1350.64
2000 2603.02
3000 3834.57
4000 5263.75
5000 7023.66
6000 8665.34
7000 9781.08
8000 11018.45
9000 12590.77
10000 13897.46
11000 15328.04
12000 16636.20
13000 18079.53
14000 18727.65
15000 19559.06
16000 21093.08
17000 27760.37
18000 33043.48
19000 38422.64
20000 42473.07
21000 47652.59
22000 52648.05
23000 57658.63
24000 62566.73
25000 65666.10
26000 70849.59
27000 76273.21
28000 81035.79
29000 85665.23
30000 90422.94
31000 95432.84
32000 100353.37
33000 103962.16
34000 105216.15
35000 112935.90
36000 114180.49
37000 118939.96
38000 123549.28
39000 128033.16
40000 133232.58
41000 138478.25
42000 144948.33
43000 147947.36
44000 153787.27
45000 156599.16
46000 160480.87
47000 163052.36
48000 168040.17
49000 173323.77
50000 178394.06
51000 182225.71
52000 186827.49
53000 191958.79
54000 197895.13
55000 200152.36
56000 205033.11
57000 209605.28
58000 214046.49
59000 218683.47
60000 223440.95
61000 227776.11
62000 232545.00
63000 237111.93
64000 241665.01
65000 246566.58
66000 251199.35
67000 256090.38
68000 258446.95
69000 263262.38
70000 267559.68
71000 272426.17
72000 277610.72
73000 282164.33
74000 287039.42
75000 291355.49
76000 296246.28
77000 300548.80
78000 305442.88
79000 311191.03
80000 315935.67
81000 319942.17
82000 325534.62
83000 329520.48
84000 337334.05
85000 341710.44
86000 344890.67
87000 350403.68
88000 361027.30
89000 358705.12
90000 361599.55
91000 366430.01
92000 371408.83
93000 375944.74
94000 380712.55
95000 387220.96
96000 391049.97
97000 395093.67
98000 398982.40
99000 403574.17
100000 408910.66
