1000 1610.87
2000 3105.21
3000 4589.57
4000 6136.85
5000 7993.68
6000 9553.34
7000 10985.18
8000 12499.33
9000 13958.08
10000 15540.55
11000 17114.88
12000 18662.33
13000 20167.59
14000 20776.87
15000 21991.85
16000 23480.06
17000 30649.67
18000 36096.93
19000 41744.98
20000 46119.33
21000 51426.09
22000 56708.86
23000 61791.76
24000 66987.66
25000 70163.73
26000 75441.36
27000 81166.05
28000 86112.28
29000 90705.68
30000 95834.98
31000 100961.89
32000 106216.11
33000 109834.88
34000 110532.56
35000 118535.87
36000 119983.59
37000 124978.52
38000 129607.16
39000 134347.45
40000 140088.87
41000 144444.08
42000 149142.67
43000 153654.62
44000 158348.85
45000 163729.33
46000 168056.79
47000 171408.36
48000 176025.43
49000 181228.12
50000 186613.34
51000 190714.02
52000 195525.69
53000 200811.50
54000 207352.76
55000 209526.82
56000 214401.02
57000 218874.23
58000 223721.67
59000 228628.80
60000 233303.24
61000 238149.86
62000 242983.86
63000 247929.03
64000 252809.09
65000 258044.08
66000 262322.68
67000 267407.63
68000 270320.98
69000 274795.39
70000 279629.08
71000 284604.15
72000 290253.63
73000 294628.40
74000 299849.26
75000 304360.25
76000 310017.79
77000 313984.38
78000 318861.23
79000 324445.01
80000 329395.10
81000 333757.65
82000 339440.54
83000 343619.24
84000 348607.81
85000 353433.20
86000 358210.05
87000 363268.71
88000 376314.49
89000 374167.72
90000 376745.43
91000 381530.16
92000 386646.95
93000 391187.30
94000 396283.73
95000 402098.80
96000 407125.90
97000 411108.56
98000 415035.37
99000 419740.45
100000 425470.62
